Gas_age	d13CO2	d13CO2_stdev
0.600	-6.37	0.09
0.700	-6.39	0.07
0.800	-6.40	0.06
0.900	-6.41	0.06
1.000	-6.42	0.05
1.100	-6.43	0.05
1.200	-6.43	0.05
1.300	-6.43	0.05
1.400	-6.43	0.05
1.500	-6.43	0.05
1.600	-6.42	0.04
1.700	-6.42	0.04
1.800	-6.41	0.04
1.900	-6.41	0.04
2.000	-6.40	0.04
2.100	-6.40	0.04
2.200	-6.39	0.04
2.300	-6.38	0.04
2.400	-6.38	0.04
2.500	-6.37	0.04
2.600	-6.37	0.04
2.700	-6.37	0.04
2.800	-6.36	0.04
2.900	-6.36	0.04
3.000	-6.35	0.04
3.100	-6.35	0.04
3.200	-6.35	0.04
3.300	-6.34	0.04
3.400	-6.34	0.04
3.500	-6.34	0.04
3.600	-6.34	0.04
3.700	-6.34	0.04
3.800	-6.34	0.04
3.900	-6.33	0.04
4.000	-6.33	0.04
4.100	-6.33	0.04
4.200	-6.33	0.04
4.300	-6.33	0.04
4.400	-6.33	0.03
4.500	-6.33	0.03
4.600	-6.33	0.03
4.700	-6.33	0.03
4.800	-6.33	0.03
4.900	-6.33	0.03
5.000	-6.33	0.03
5.100	-6.33	0.03
5.200	-6.33	0.03
5.300	-6.33	0.03
5.400	-6.33	0.03
5.500	-6.33	0.03
5.600	-6.33	0.03
5.700	-6.33	0.03
5.800	-6.33	0.03
5.900	-6.33	0.04
6.000	-6.33	0.04
6.100	-6.33	0.03
6.200	-6.33	0.03
6.300	-6.33	0.03
6.400	-6.33	0.03
6.500	-6.33	0.03
6.600	-6.33	0.03
6.700	-6.33	0.03
6.800	-6.33	0.03
6.900	-6.33	0.03
7.000	-6.33	0.03
7.100	-6.33	0.03
7.200	-6.34	0.03
7.300	-6.34	0.03
7.400	-6.34	0.03
7.500	-6.34	0.03
7.600	-6.34	0.03
7.700	-6.35	0.03
7.800	-6.35	0.03
7.900	-6.36	0.03
8.000	-6.36	0.03
8.100	-6.37	0.03
8.200	-6.37	0.03
8.300	-6.38	0.03
8.400	-6.39	0.03
8.500	-6.39	0.03
8.600	-6.40	0.03
8.700	-6.41	0.03
8.800	-6.42	0.03
8.900	-6.43	0.04
9.000	-6.43	0.04
9.100	-6.44	0.04
9.200	-6.45	0.04
9.300	-6.46	0.04
9.400	-6.47	0.04
9.500	-6.48	0.04
9.600	-6.49	0.03
9.700	-6.50	0.03
9.800	-6.51	0.03
9.900	-6.52	0.03
10.000	-6.53	0.03
10.100	-6.54	0.03
10.200	-6.55	0.03
10.300	-6.56	0.03
10.400	-6.57	0.03
10.500	-6.57	0.03
10.600	-6.58	0.03
10.700	-6.59	0.03
10.800	-6.59	0.03
10.900	-6.60	0.03
11.000	-6.61	0.03
11.100	-6.61	0.03
11.200	-6.61	0.03
11.300	-6.62	0.04
11.400	-6.62	0.03
11.500	-6.63	0.03
11.600	-6.65	0.03
11.700	-6.66	0.03
11.800	-6.67	0.03
11.900	-6.69	0.03
12.000	-6.70	0.04
12.100	-6.71	0.04
12.200	-6.71	0.04
12.300	-6.72	0.04
12.400	-6.72	0.04
12.500	-6.71	0.04
12.600	-6.70	0.04
12.700	-6.69	0.03
12.800	-6.68	0.03
12.900	-6.67	0.03
13.000	-6.65	0.03
13.100	-6.64	0.03
13.200	-6.63	0.03
13.300	-6.62	0.03
13.400	-6.61	0.04
13.500	-6.60	0.04
13.600	-6.60	0.04
13.700	-6.59	0.04
13.800	-6.59	0.04
13.900	-6.59	0.04
14.000	-6.59	0.03
14.100	-6.59	0.03
14.200	-6.60	0.03
14.300	-6.60	0.03
14.400	-6.61	0.03
14.500	-6.61	0.03
14.600	-6.62	0.03
14.700	-6.63	0.03
14.800	-6.64	0.03
14.900	-6.64	0.03
15.000	-6.65	0.04
15.100	-6.66	0.04
15.200	-6.67	0.04
15.300	-6.67	0.04
15.400	-6.68	0.04
15.500	-6.69	0.04
15.600	-6.70	0.04
15.700	-6.70	0.04
15.800	-6.70	0.04
15.900	-6.70	0.04
16.000	-6.70	0.04
16.100	-6.70	0.04
16.200	-6.70	0.04
16.300	-6.69	0.04
16.400	-6.68	0.04
16.500	-6.67	0.04
16.600	-6.66	0.04
16.700	-6.64	0.04
16.800	-6.63	0.04
16.900	-6.61	0.03
17.000	-6.60	0.03
17.100	-6.58	0.03
17.200	-6.56	0.03
17.300	-6.54	0.03
17.400	-6.52	0.03
17.500	-6.51	0.03
17.600	-6.49	0.03
17.700	-6.47	0.04
17.800	-6.46	0.04
17.900	-6.44	0.04
18.000	-6.43	0.04
18.100	-6.42	0.04
18.200	-6.41	0.05
18.300	-6.40	0.05
18.400	-6.39	0.05
18.500	-6.38	0.05
18.600	-6.38	0.05
18.700	-6.37	0.05
18.800	-6.37	0.04
18.900	-6.37	0.04
19.000	-6.37	0.04
19.100	-6.37	0.04
19.200	-6.37	0.04
19.300	-6.38	0.04
19.400	-6.38	0.03
19.500	-6.39	0.03
19.600	-6.40	0.03
19.700	-6.41	0.03
19.800	-6.42	0.03
19.900	-6.42	0.03
20.000	-6.43	0.03
20.100	-6.44	0.04
20.200	-6.44	0.04
20.300	-6.45	0.04
20.400	-6.45	0.04
20.500	-6.46	0.04
20.600	-6.46	0.04
20.700	-6.46	0.03
20.800	-6.47	0.03
20.900	-6.47	0.03
21.000	-6.47	0.04
21.100	-6.47	0.04
21.200	-6.47	0.03
21.300	-6.47	0.03
21.400	-6.47	0.03
21.500	-6.47	0.03
21.600	-6.47	0.03
21.700	-6.47	0.03
21.800	-6.47	0.03
21.900	-6.47	0.02
22.000	-6.47	0.02
22.100	-6.47	0.03
22.200	-6.47	0.03
22.300	-6.47	0.03
22.400	-6.47	0.03
22.500	-6.47	0.03
22.600	-6.47	0.04
22.700	-6.47	0.04
22.800	-6.47	0.04
22.900	-6.47	0.04
23.000	-6.47	0.05
23.100	-6.47	0.05
23.200	-6.46	0.05
23.300	-6.46	0.05
23.400	-6.46	0.05
23.500	-6.46	0.05
23.600	-6.45	0.05
23.700	-6.45	0.05
23.800	-6.45	0.05
23.900	-6.45	0.05
24.000	-6.44	0.04
24.100	-6.44	0.04
24.200	-6.44	0.04
24.300	-6.44	0.04
24.400	-6.43	0.04
24.500	-6.43	0.04
24.600	-6.43	0.04
24.700	-6.42	0.04
24.800	-6.42	0.04
24.900	-6.42	0.04
25.000	-6.42	0.04
25.100	-6.41	0.04
25.200	-6.41	0.04
25.300	-6.41	0.04
25.400	-6.41	0.04
25.500	-6.40	0.04
25.600	-6.40	0.04
25.700	-6.40	0.04
25.800	-6.40	0.04
25.900	-6.40	0.04
26.000	-6.40	0.04
26.100	-6.39	0.04
26.200	-6.39	0.04
26.300	-6.39	0.04
26.400	-6.39	0.04
26.500	-6.39	0.04
26.600	-6.39	0.04
26.700	-6.39	0.04
26.800	-6.39	0.04
26.900	-6.39	0.04
27.000	-6.39	0.04
27.100	-6.39	0.04
27.200	-6.39	0.04
27.300	-6.39	0.04
27.400	-6.39	0.04
27.500	-6.39	0.04
27.600	-6.39	0.04
27.700	-6.39	0.04
27.800	-6.39	0.04
27.900	-6.39	0.04
28.000	-6.39	0.04
28.100	-6.39	0.04
28.200	-6.39	0.04
28.300	-6.39	0.05
28.400	-6.39	0.05
28.500	-6.39	0.05
28.600	-6.39	0.05
28.700	-6.39	0.05
28.800	-6.39	0.05
28.900	-6.39	0.05
29.000	-6.39	0.05
29.100	-6.40	0.06
29.200	-6.40	0.06
29.300	-6.40	0.06
29.400	-6.40	0.06
29.500	-6.40	0.06
29.600	-6.40	0.06
29.700	-6.40	0.06
29.800	-6.40	0.06
29.900	-6.40	0.06
30.000	-6.40	0.06
30.100	-6.40	0.06
30.200	-6.41	0.06
30.300	-6.41	0.06
30.400	-6.41	0.06
30.500	-6.41	0.06
30.600	-6.41	0.06
30.700	-6.41	0.06
30.800	-6.41	0.06
30.900	-6.41	0.06
31.000	-6.41	0.06
31.100	-6.41	0.06
31.200	-6.42	0.06
31.300	-6.42	0.05
31.400	-6.42	0.05
31.500	-6.42	0.05
31.600	-6.42	0.05
31.700	-6.42	0.05
31.800	-6.42	0.05
31.900	-6.42	0.05
32.000	-6.43	0.05
32.100	-6.43	0.05
32.200	-6.43	0.05
32.300	-6.43	0.05
32.400	-6.43	0.05
32.500	-6.44	0.05
32.600	-6.44	0.05
32.700	-6.44	0.06
32.800	-6.44	0.06
32.900	-6.44	0.06
33.000	-6.45	0.06
33.100	-6.45	0.06
33.200	-6.45	0.06
33.300	-6.46	0.06
33.400	-6.46	0.06
33.500	-6.46	0.06
33.600	-6.47	0.06
33.700	-6.47	0.06
33.800	-6.47	0.06
33.900	-6.48	0.06
34.000	-6.48	0.06
34.100	-6.49	0.06
34.200	-6.49	0.06
34.300	-6.49	0.05
34.400	-6.50	0.05
34.500	-6.50	0.05
34.600	-6.51	0.05
34.700	-6.52	0.05
34.800	-6.52	0.05
34.900	-6.53	0.04
35.000	-6.53	0.04
35.100	-6.54	0.04
35.200	-6.54	0.04
35.300	-6.55	0.04
35.400	-6.56	0.03
35.500	-6.56	0.03
35.600	-6.57	0.03
35.700	-6.58	0.03
35.800	-6.58	0.03
35.900	-6.59	0.04
36.000	-6.60	0.04
36.100	-6.60	0.04
36.200	-6.61	0.04
36.300	-6.61	0.04
36.400	-6.62	0.04
36.500	-6.62	0.05
36.600	-6.62	0.05
36.700	-6.63	0.05
36.800	-6.63	0.05
36.900	-6.63	0.05
37.000	-6.63	0.05
37.100	-6.63	0.05
37.200	-6.64	0.05
37.300	-6.63	0.05
37.400	-6.63	0.05
37.500	-6.63	0.05
37.600	-6.63	0.05
37.700	-6.63	0.05
37.800	-6.63	0.05
37.900	-6.62	0.04
38.000	-6.62	0.04
38.100	-6.61	0.04
38.200	-6.61	0.04
38.300	-6.60	0.04
38.400	-6.60	0.04
38.500	-6.59	0.04
38.600	-6.59	0.04
38.700	-6.58	0.04
38.800	-6.58	0.04
38.900	-6.57	0.04
39.000	-6.56	0.05
39.100	-6.56	0.05
39.200	-6.55	0.05
39.300	-6.55	0.05
39.400	-6.54	0.05
39.500	-6.54	0.05
39.600	-6.54	0.05
39.700	-6.53	0.05
39.800	-6.53	0.05
39.900	-6.52	0.05
40.000	-6.52	0.05
40.100	-6.52	0.05
40.200	-6.52	0.05
40.300	-6.51	0.05
40.400	-6.51	0.05
40.500	-6.51	0.05
40.600	-6.51	0.05
40.700	-6.51	0.05
40.800	-6.51	0.05
40.900	-6.51	0.05
41.000	-6.51	0.05
41.100	-6.51	0.05
41.200	-6.52	0.05
41.300	-6.52	0.05
41.400	-6.52	0.05
41.500	-6.52	0.05
41.600	-6.53	0.05
41.700	-6.53	0.05
41.800	-6.53	0.05
41.900	-6.54	0.05
42.000	-6.54	0.06
42.100	-6.54	0.06
42.200	-6.55	0.06
42.300	-6.55	0.06
42.400	-6.55	0.06
42.500	-6.55	0.06
42.600	-6.56	0.06
42.700	-6.56	0.06
42.800	-6.56	0.06
42.900	-6.56	0.06
43.000	-6.56	0.06
47.000	-6.52	0.06
47.100	-6.50	0.06
47.200	-6.48	0.07
47.300	-6.47	0.07
47.400	-6.45	0.07
47.500	-6.44	0.07
47.600	-6.43	0.07
47.700	-6.42	0.07
47.800	-6.41	0.07
47.900	-6.41	0.06
48.000	-6.40	0.06
48.100	-6.40	0.06
48.200	-6.40	0.06
48.300	-6.39	0.06
48.400	-6.39	0.06
48.500	-6.39	0.06
48.600	-6.39	0.06
48.700	-6.39	0.06
48.800	-6.39	0.06
48.900	-6.39	0.06
49.000	-6.39	0.06
49.100	-6.39	0.06
49.200	-6.39	0.06
49.300	-6.39	0.06
49.400	-6.39	0.06
49.500	-6.40	0.06
49.600	-6.40	0.06
49.700	-6.40	0.06
49.800	-6.41	0.06
49.900	-6.41	0.06
50.000	-6.42	0.06
50.100	-6.42	0.06
50.200	-6.43	0.06
50.300	-6.43	0.06
50.400	-6.44	0.06
50.500	-6.44	0.06
50.600	-6.45	0.06
50.700	-6.46	0.06
50.800	-6.46	0.06
50.900	-6.47	0.06
51.000	-6.48	0.05
51.100	-6.49	0.05
51.200	-6.49	0.05
51.300	-6.50	0.05
51.400	-6.51	0.05
51.500	-6.52	0.05
51.600	-6.53	0.05
51.700	-6.54	0.05
51.800	-6.54	0.05
51.900	-6.55	0.05
52.000	-6.56	0.05
52.100	-6.57	0.04
52.200	-6.58	0.04
52.300	-6.59	0.04
52.400	-6.60	0.04
52.500	-6.61	0.04
52.600	-6.62	0.04
52.700	-6.63	0.04
52.800	-6.64	0.05
52.900	-6.65	0.05
53.000	-6.65	0.05
53.100	-6.66	0.05
53.200	-6.67	0.05
53.300	-6.68	0.05
53.400	-6.69	0.05
53.500	-6.70	0.05
53.600	-6.71	0.05
53.700	-6.72	0.05
53.800	-6.72	0.05
53.900	-6.73	0.05
54.000	-6.74	0.05
54.100	-6.75	0.04
54.200	-6.75	0.04
54.300	-6.76	0.04
54.400	-6.77	0.04
54.500	-6.78	0.04
54.600	-6.78	0.04
54.700	-6.79	0.04
54.800	-6.80	0.04
54.900	-6.80	0.04
55.000	-6.81	0.04
55.100	-6.82	0.04
55.200	-6.82	0.04
55.300	-6.83	0.04
55.400	-6.83	0.05
55.500	-6.84	0.05
55.600	-6.84	0.05
55.700	-6.85	0.05
55.800	-6.85	0.05
55.900	-6.86	0.05
56.000	-6.86	0.05
56.100	-6.87	0.05
56.200	-6.87	0.05
56.300	-6.88	0.05
56.400	-6.88	0.04
56.500	-6.89	0.04
56.600	-6.89	0.04
56.700	-6.89	0.04
56.800	-6.90	0.04
56.900	-6.90	0.04
57.000	-6.90	0.04
57.100	-6.91	0.04
57.200	-6.91	0.04
57.300	-6.91	0.04
57.400	-6.91	0.04
57.500	-6.91	0.04
57.600	-6.92	0.04
57.700	-6.92	0.04
57.800	-6.92	0.04
57.900	-6.92	0.04
58.000	-6.92	0.04
58.100	-6.92	0.04
58.200	-6.92	0.04
58.300	-6.92	0.04
58.400	-6.92	0.04
58.500	-6.91	0.04
58.600	-6.91	0.04
58.700	-6.91	0.04
58.800	-6.91	0.04
58.900	-6.91	0.04
59.000	-6.91	0.04
59.100	-6.90	0.04
59.200	-6.90	0.04
59.300	-6.90	0.04
59.400	-6.89	0.04
59.500	-6.89	0.04
59.600	-6.89	0.04
59.700	-6.88	0.04
59.800	-6.88	0.04
59.900	-6.88	0.04
60.000	-6.87	0.04
60.100	-6.87	0.04
60.200	-6.86	0.04
60.300	-6.86	0.04
60.400	-6.85	0.04
60.500	-6.85	0.04
60.600	-6.84	0.04
60.700	-6.84	0.04
60.800	-6.83	0.04
60.900	-6.83	0.04
61.000	-6.82	0.04
61.100	-6.81	0.04
61.200	-6.81	0.04
61.300	-6.80	0.04
61.400	-6.79	0.04
61.500	-6.79	0.04
61.600	-6.78	0.04
61.700	-6.77	0.04
61.800	-6.77	0.04
61.900	-6.76	0.04
62.000	-6.75	0.04
62.100	-6.75	0.04
62.200	-6.74	0.04
62.300	-6.73	0.04
62.400	-6.72	0.04
62.500	-6.72	0.04
62.600	-6.71	0.04
62.700	-6.70	0.04
62.800	-6.69	0.04
62.900	-6.69	0.04
63.000	-6.68	0.04
63.100	-6.67	0.04
63.200	-6.66	0.04
63.300	-6.65	0.04
63.400	-6.65	0.04
63.500	-6.64	0.04
63.600	-6.63	0.04
63.700	-6.62	0.05
63.800	-6.62	0.05
63.900	-6.61	0.05
64.000	-6.60	0.05
64.100	-6.59	0.05
64.200	-6.59	0.05
64.300	-6.58	0.05
64.400	-6.57	0.05
64.500	-6.56	0.05
64.600	-6.56	0.05
64.700	-6.55	0.05
64.800	-6.54	0.05
64.900	-6.54	0.05
65.000	-6.53	0.05
65.100	-6.52	0.05
65.200	-6.52	0.05
65.300	-6.51	0.05
65.400	-6.51	0.05
65.500	-6.50	0.05
65.600	-6.49	0.05
65.700	-6.49	0.05
65.800	-6.48	0.05
65.900	-6.48	0.05
66.000	-6.47	0.05
66.100	-6.47	0.05
66.200	-6.46	0.05
66.300	-6.46	0.05
66.400	-6.45	0.05
66.500	-6.45	0.05
66.600	-6.44	0.05
66.700	-6.44	0.05
66.800	-6.44	0.05
66.900	-6.43	0.05
67.000	-6.43	0.05
67.100	-6.43	0.05
67.200	-6.42	0.05
67.300	-6.42	0.05
67.400	-6.42	0.05
67.500	-6.41	0.05
67.600	-6.41	0.05
67.700	-6.41	0.05
67.800	-6.41	0.05
67.900	-6.40	0.05
68.000	-6.40	0.05
68.100	-6.40	0.05
68.200	-6.40	0.05
68.300	-6.40	0.04
68.400	-6.40	0.04
68.500	-6.40	0.04
68.600	-6.40	0.04
68.700	-6.40	0.04
68.800	-6.39	0.04
68.900	-6.39	0.04
69.000	-6.39	0.04
69.100	-6.39	0.04
69.200	-6.39	0.04
69.300	-6.39	0.04
69.400	-6.39	0.04
69.500	-6.39	0.04
69.600	-6.39	0.04
69.700	-6.40	0.04
69.800	-6.40	0.04
69.900	-6.40	0.04
70.000	-6.40	0.05
70.100	-6.40	0.05
70.200	-6.40	0.05
70.300	-6.40	0.05
70.400	-6.40	0.05
70.500	-6.40	0.05
70.600	-6.40	0.05
70.700	-6.40	0.05
70.800	-6.40	0.05
70.900	-6.41	0.05
71.000	-6.41	0.05
71.100	-6.41	0.05
71.200	-6.41	0.05
71.300	-6.41	0.05
71.400	-6.41	0.05
71.500	-6.41	0.06
71.600	-6.41	0.06
71.700	-6.41	0.06
71.800	-6.41	0.06
71.900	-6.41	0.06
72.000	-6.42	0.06
72.100	-6.42	0.06
72.200	-6.42	0.06
72.300	-6.42	0.06
72.400	-6.42	0.06
72.500	-6.42	0.06
72.600	-6.42	0.06
72.700	-6.42	0.06
72.800	-6.42	0.06
72.900	-6.42	0.06
73.000	-6.42	0.06
73.100	-6.42	0.06
73.200	-6.42	0.05
73.300	-6.43	0.05
73.400	-6.43	0.05
73.500	-6.43	0.05
73.600	-6.43	0.05
73.700	-6.43	0.05
73.800	-6.43	0.05
73.900	-6.43	0.05
74.000	-6.43	0.05
74.100	-6.43	0.05
74.200	-6.43	0.05
74.300	-6.43	0.05
74.400	-6.43	0.05
74.500	-6.43	0.05
74.600	-6.43	0.05
74.700	-6.43	0.04
74.800	-6.43	0.04
74.900	-6.43	0.04
75.000	-6.44	0.04
75.100	-6.44	0.04
75.200	-6.44	0.04
75.300	-6.44	0.04
75.400	-6.44	0.04
75.500	-6.44	0.04
75.600	-6.44	0.04
75.700	-6.44	0.04
75.800	-6.44	0.04
75.900	-6.44	0.04
76.000	-6.44	0.04
76.100	-6.44	0.04
76.200	-6.44	0.04
76.300	-6.44	0.04
76.400	-6.44	0.04
76.500	-6.44	0.04
76.600	-6.44	0.04
76.700	-6.44	0.04
76.800	-6.44	0.04
76.900	-6.44	0.04
77.000	-6.44	0.04
77.100	-6.44	0.05
77.200	-6.45	0.05
77.300	-6.45	0.05
77.400	-6.45	0.05
77.500	-6.45	0.05
77.600	-6.45	0.05
77.700	-6.45	0.05
77.800	-6.45	0.05
77.900	-6.45	0.05
78.000	-6.45	0.05
78.100	-6.45	0.05
78.200	-6.45	0.05
78.300	-6.45	0.05
78.400	-6.45	0.05
78.500	-6.45	0.05
78.600	-6.45	0.05
78.700	-6.45	0.06
78.800	-6.45	0.06
78.900	-6.45	0.06
79.000	-6.45	0.06
79.100	-6.45	0.06
79.200	-6.46	0.06
79.300	-6.46	0.06
79.400	-6.46	0.06
79.500	-6.46	0.06
79.600	-6.46	0.06
79.700	-6.46	0.06
79.800	-6.46	0.06
79.900	-6.46	0.05
80.000	-6.46	0.05
80.100	-6.46	0.05
80.200	-6.46	0.05
80.300	-6.46	0.05
80.400	-6.46	0.05
80.500	-6.46	0.05
80.600	-6.46	0.05
80.700	-6.47	0.05
80.800	-6.47	0.05
80.900	-6.47	0.05
81.000	-6.47	0.05
81.100	-6.47	0.05
81.200	-6.47	0.05
81.300	-6.47	0.05
81.400	-6.47	0.04
81.500	-6.47	0.04
81.600	-6.47	0.04
81.700	-6.47	0.04
81.800	-6.47	0.04
81.900	-6.47	0.04
82.000	-6.47	0.04
82.100	-6.47	0.04
82.200	-6.48	0.04
82.300	-6.48	0.04
82.400	-6.48	0.04
82.500	-6.48	0.04
82.600	-6.48	0.04
82.700	-6.48	0.04
82.800	-6.48	0.04
82.900	-6.48	0.04
83.000	-6.48	0.04
83.100	-6.48	0.04
83.200	-6.48	0.04
83.300	-6.48	0.04
83.400	-6.48	0.04
83.500	-6.48	0.04
83.600	-6.48	0.04
83.700	-6.48	0.04
83.800	-6.48	0.04
83.900	-6.48	0.04
84.000	-6.48	0.04
84.100	-6.48	0.04
84.200	-6.48	0.05
84.300	-6.48	0.05
84.400	-6.48	0.05
84.500	-6.48	0.05
84.600	-6.48	0.05
84.700	-6.48	0.05
84.800	-6.48	0.05
84.900	-6.48	0.05
85.000	-6.48	0.05
85.100	-6.48	0.05
85.200	-6.48	0.05
85.300	-6.48	0.05
85.400	-6.48	0.05
85.500	-6.48	0.05
85.600	-6.48	0.05
85.700	-6.48	0.05
85.800	-6.48	0.05
85.900	-6.48	0.05
86.000	-6.48	0.05
86.100	-6.48	0.05
86.200	-6.48	0.05
86.300	-6.48	0.05
86.400	-6.48	0.05
86.500	-6.48	0.05
86.600	-6.48	0.05
86.700	-6.48	0.05
86.800	-6.48	0.05
86.900	-6.48	0.05
87.000	-6.47	0.05
87.100	-6.47	0.05
87.200	-6.47	0.05
87.300	-6.47	0.05
87.400	-6.47	0.05
87.500	-6.47	0.05
87.600	-6.47	0.05
87.700	-6.47	0.05
87.800	-6.47	0.05
87.900	-6.47	0.05
88.000	-6.47	0.05
88.100	-6.47	0.05
88.200	-6.47	0.05
88.300	-6.47	0.05
88.400	-6.47	0.05
88.500	-6.47	0.05
88.600	-6.47	0.05
88.700	-6.47	0.05
88.800	-6.47	0.05
88.900	-6.47	0.05
89.000	-6.47	0.05
89.100	-6.47	0.05
89.200	-6.47	0.05
89.300	-6.47	0.05
89.400	-6.47	0.05
89.500	-6.47	0.05
89.600	-6.47	0.05
89.700	-6.47	0.05
89.800	-6.47	0.05
89.900	-6.47	0.05
90.000	-6.47	0.05
90.100	-6.47	0.05
90.200	-6.47	0.05
90.300	-6.47	0.05
90.400	-6.47	0.05
90.500	-6.47	0.05
90.600	-6.48	0.06
90.700	-6.48	0.06
90.800	-6.48	0.06
90.900	-6.48	0.06
91.000	-6.48	0.06
91.100	-6.48	0.06
91.200	-6.48	0.06
91.300	-6.48	0.06
91.400	-6.48	0.06
91.500	-6.48	0.06
91.600	-6.49	0.06
91.700	-6.49	0.06
91.800	-6.49	0.06
91.900	-6.49	0.06
92.000	-6.49	0.06
92.100	-6.49	0.06
92.200	-6.50	0.06
92.300	-6.50	0.06
92.400	-6.50	0.06
92.500	-6.50	0.06
92.600	-6.50	0.06
92.700	-6.50	0.06
92.800	-6.51	0.06
92.900	-6.51	0.06
93.000	-6.51	0.06
93.100	-6.51	0.06
93.200	-6.52	0.06
93.300	-6.52	0.06
93.400	-6.52	0.06
93.500	-6.52	0.06
93.600	-6.53	0.06
93.700	-6.53	0.06
93.800	-6.53	0.06
93.900	-6.53	0.06
94.000	-6.54	0.06
94.100	-6.54	0.05
94.200	-6.54	0.05
94.300	-6.55	0.05
94.400	-6.55	0.05
94.500	-6.55	0.05
94.600	-6.56	0.05
94.700	-6.56	0.05
94.800	-6.56	0.05
94.900	-6.56	0.05
95.000	-6.57	0.05
95.100	-6.57	0.05
95.200	-6.57	0.05
95.300	-6.58	0.05
95.400	-6.58	0.05
95.500	-6.58	0.05
95.600	-6.59	0.05
95.700	-6.59	0.05
95.800	-6.59	0.05
95.900	-6.60	0.05
96.000	-6.60	0.05
96.100	-6.60	0.05
96.200	-6.61	0.05
96.300	-6.61	0.05
96.400	-6.61	0.05
96.500	-6.62	0.06
96.600	-6.62	0.06
96.700	-6.62	0.06
96.800	-6.62	0.06
96.900	-6.63	0.06
97.000	-6.63	0.06
97.100	-6.63	0.06
97.200	-6.64	0.06
97.300	-6.64	0.06
97.400	-6.64	0.06
97.500	-6.64	0.06
97.600	-6.65	0.06
97.700	-6.65	0.06
97.800	-6.65	0.06
97.900	-6.65	0.06
98.000	-6.66	0.06
98.100	-6.66	0.06
98.200	-6.66	0.06
98.300	-6.66	0.06
98.400	-6.67	0.06
98.500	-6.67	0.06
98.600	-6.67	0.06
98.700	-6.67	0.06
98.800	-6.67	0.06
98.900	-6.68	0.06
99.000	-6.68	0.06
99.100	-6.68	0.06
99.200	-6.68	0.06
99.300	-6.68	0.06
99.400	-6.69	0.06
99.500	-6.69	0.06
99.600	-6.69	0.06
99.700	-6.69	0.06
99.800	-6.69	0.06
99.900	-6.69	0.06
100.000	-6.69	0.06
100.100	-6.70	0.06
100.200	-6.70	0.06
100.300	-6.70	0.06
100.400	-6.70	0.06
100.500	-6.70	0.06
100.600	-6.70	0.06
100.700	-6.70	0.06
100.800	-6.70	0.06
100.900	-6.70	0.06
101.000	-6.70	0.06
101.100	-6.70	0.06
101.200	-6.70	0.06
101.300	-6.71	0.06
101.400	-6.71	0.06
101.500	-6.71	0.06
101.600	-6.71	0.06
101.700	-6.71	0.06
101.800	-6.71	0.06
101.900	-6.71	0.06
102.000	-6.71	0.06
102.100	-6.71	0.06
102.200	-6.71	0.06
102.300	-6.71	0.06
102.400	-6.71	0.06
102.500	-6.71	0.06
102.600	-6.71	0.06
102.700	-6.71	0.06
102.800	-6.71	0.06
102.900	-6.70	0.06
103.000	-6.70	0.07
103.100	-6.70	0.07
103.200	-6.70	0.07
103.300	-6.70	0.07
103.400	-6.70	0.07
103.500	-6.70	0.07
103.600	-6.70	0.06
103.700	-6.70	0.06
103.800	-6.70	0.06
103.900	-6.70	0.06
104.000	-6.70	0.06
104.100	-6.69	0.06
104.200	-6.69	0.06
104.300	-6.69	0.06
104.400	-6.69	0.06
104.500	-6.69	0.05
104.600	-6.69	0.05
104.700	-6.69	0.05
104.800	-6.68	0.05
104.900	-6.68	0.04
105.000	-6.68	0.04
105.100	-6.68	0.04
105.200	-6.68	0.04
105.300	-6.68	0.04
105.400	-6.68	0.04
105.500	-6.67	0.04
105.600	-6.67	0.04
105.700	-6.67	0.04
105.800	-6.67	0.04
105.900	-6.67	0.04
106.000	-6.67	0.04
106.100	-6.66	0.04
106.200	-6.66	0.04
106.300	-6.66	0.04
106.400	-6.66	0.04
106.500	-6.66	0.05
106.600	-6.65	0.05
106.700	-6.65	0.05
106.800	-6.65	0.05
106.900	-6.65	0.05
107.000	-6.65	0.05
107.100	-6.65	0.06
107.200	-6.65	0.06
107.300	-6.65	0.06
107.400	-6.65	0.06
107.500	-6.65	0.06
107.600	-6.65	0.06
107.700	-6.65	0.06
107.800	-6.65	0.06
107.900	-6.65	0.06
108.000	-6.65	0.06
108.100	-6.65	0.06
108.200	-6.65	0.06
108.300	-6.65	0.06
108.400	-6.65	0.06
108.500	-6.65	0.06
108.600	-6.65	0.06
108.700	-6.66	0.06
108.800	-6.66	0.06
108.900	-6.66	0.06
109.000	-6.66	0.06
109.100	-6.66	0.06
109.200	-6.66	0.06
109.300	-6.66	0.06
109.400	-6.67	0.06
109.500	-6.67	0.06
109.600	-6.67	0.06
109.700	-6.67	0.06
109.800	-6.67	0.06
109.900	-6.68	0.06
110.000	-6.68	0.06
110.100	-6.68	0.06
110.200	-6.68	0.06
110.300	-6.68	0.06
110.400	-6.69	0.06
110.500	-6.69	0.06
110.600	-6.69	0.06
110.700	-6.69	0.06
110.800	-6.69	0.06
110.900	-6.70	0.05
111.000	-6.70	0.05
111.100	-6.70	0.05
111.200	-6.70	0.05
111.300	-6.70	0.05
111.400	-6.71	0.05
111.500	-6.71	0.05
111.600	-6.71	0.05
111.700	-6.71	0.05
111.800	-6.71	0.05
111.900	-6.71	0.05
112.000	-6.72	0.05
112.100	-6.72	0.05
112.200	-6.72	0.05
112.300	-6.72	0.05
112.400	-6.72	0.05
112.500	-6.72	0.05
112.600	-6.72	0.05
112.700	-6.72	0.05
112.800	-6.72	0.05
112.900	-6.72	0.05
113.000	-6.72	0.05
113.100	-6.72	0.05
113.200	-6.72	0.05
113.300	-6.72	0.05
113.400	-6.72	0.05
113.500	-6.72	0.05
113.600	-6.72	0.05
113.700	-6.72	0.05
113.800	-6.72	0.05
113.900	-6.72	0.05
114.000	-6.72	0.05
114.100	-6.72	0.05
114.200	-6.71	0.05
114.300	-6.71	0.05
114.400	-6.71	0.05
114.500	-6.71	0.05
114.600	-6.70	0.05
114.700	-6.70	0.05
114.800	-6.70	0.05
114.900	-6.70	0.05
115.000	-6.69	0.05
115.100	-6.69	0.05
115.200	-6.69	0.05
115.300	-6.68	0.05
115.400	-6.68	0.04
115.500	-6.68	0.04
115.600	-6.67	0.04
115.700	-6.67	0.04
115.800	-6.67	0.04
115.900	-6.66	0.04
116.000	-6.66	0.04
116.100	-6.66	0.04
116.200	-6.65	0.04
116.300	-6.65	0.04
116.400	-6.64	0.04
116.500	-6.64	0.04
116.600	-6.64	0.04
116.700	-6.63	0.04
116.800	-6.63	0.04
116.900	-6.63	0.04
117.000	-6.62	0.04
117.100	-6.62	0.04
117.200	-6.62	0.04
117.300	-6.61	0.04
117.400	-6.61	0.05
117.500	-6.61	0.05
117.600	-6.60	0.05
117.700	-6.60	0.05
117.800	-6.60	0.05
117.900	-6.59	0.05
118.000	-6.59	0.05
118.100	-6.59	0.05
118.200	-6.58	0.05
118.300	-6.58	0.05
118.400	-6.58	0.05
118.500	-6.58	0.05
118.600	-6.57	0.05
118.700	-6.57	0.05
118.800	-6.57	0.05
118.900	-6.57	0.05
119.000	-6.57	0.05
119.100	-6.57	0.05
119.200	-6.56	0.05
119.300	-6.56	0.05
119.400	-6.56	0.05
119.500	-6.56	0.05
119.600	-6.56	0.05
119.700	-6.56	0.05
119.800	-6.56	0.05
119.900	-6.56	0.05
120.000	-6.56	0.05
120.100	-6.56	0.05
120.200	-6.56	0.05
120.300	-6.56	0.05
120.400	-6.56	0.05
120.500	-6.56	0.05
120.600	-6.56	0.05
120.700	-6.56	0.05
120.800	-6.56	0.05
120.900	-6.57	0.05
121.000	-6.57	0.05
121.100	-6.57	0.05
121.200	-6.57	0.05
121.300	-6.58	0.05
121.400	-6.58	0.05
121.500	-6.58	0.05
121.600	-6.58	0.05
121.700	-6.59	0.05
121.800	-6.59	0.05
121.900	-6.60	0.05
122.000	-6.60	0.05
122.100	-6.61	0.05
122.200	-6.61	0.05
122.300	-6.62	0.05
122.400	-6.62	0.05
122.500	-6.63	0.05
122.600	-6.63	0.05
122.700	-6.64	0.05
122.800	-6.64	0.05
122.900	-6.65	0.05
123.000	-6.65	0.05
123.100	-6.66	0.05
123.200	-6.67	0.05
123.300	-6.67	0.05
123.400	-6.68	0.05
123.500	-6.68	0.05
123.600	-6.69	0.05
123.700	-6.70	0.05
123.800	-6.70	0.05
123.900	-6.71	0.06
124.000	-6.71	0.06
124.100	-6.72	0.06
124.200	-6.72	0.06
124.300	-6.73	0.06
124.400	-6.73	0.06
124.500	-6.74	0.06
124.600	-6.74	0.06
124.700	-6.75	0.06
124.800	-6.75	0.06
124.900	-6.75	0.06
125.000	-6.76	0.06
125.100	-6.76	0.06
125.200	-6.76	0.06
125.300	-6.76	0.06
125.400	-6.77	0.05
125.500	-6.77	0.05
125.600	-6.77	0.05
125.700	-6.77	0.05
125.800	-6.77	0.05
125.900	-6.77	0.05
126.000	-6.77	0.05
126.100	-6.77	0.05
126.200	-6.77	0.05
126.300	-6.77	0.04
126.400	-6.77	0.04
126.500	-6.77	0.04
126.600	-6.77	0.04
126.700	-6.76	0.04
126.800	-6.76	0.03
126.900	-6.76	0.03
127.000	-6.75	0.03
127.100	-6.75	0.04
127.200	-6.75	0.04
127.300	-6.74	0.04
127.400	-6.74	0.05
127.500	-6.73	0.05
127.600	-6.73	0.05
127.700	-6.73	0.05
127.800	-6.73	0.05
127.900	-6.73	0.05
128.000	-6.73	0.05
128.100	-6.74	0.05
128.200	-6.74	0.05
128.300	-6.74	0.05
128.400	-6.75	0.05
128.500	-6.75	0.05
128.600	-6.76	0.05
128.700	-6.76	0.04
128.800	-6.77	0.04
128.900	-6.78	0.04
129.000	-6.78	0.04
129.100	-6.79	0.04
129.200	-6.80	0.04
129.300	-6.81	0.04
129.400	-6.81	0.03
129.500	-6.82	0.03
129.600	-6.83	0.04
129.700	-6.84	0.04
129.800	-6.85	0.04
129.900	-6.85	0.04
130.000	-6.86	0.04
130.100	-6.87	0.05
130.200	-6.87	0.05
130.300	-6.88	0.05
130.400	-6.89	0.05
130.500	-6.89	0.06
130.600	-6.90	0.06
130.700	-6.90	0.06
130.800	-6.91	0.06
130.900	-6.91	0.07
131.000	-6.92	0.07
131.100	-6.92	0.07
131.200	-6.92	0.07
131.300	-6.92	0.07
131.400	-6.92	0.07
131.500	-6.92	0.07
131.600	-6.92	0.07
131.700	-6.92	0.06
131.800	-6.92	0.06
131.900	-6.92	0.06
132.000	-6.92	0.06
132.100	-6.92	0.06
132.200	-6.92	0.05
132.300	-6.92	0.05
132.400	-6.92	0.05
132.500	-6.92	0.05
132.600	-6.91	0.05
132.700	-6.91	0.04
132.800	-6.91	0.04
132.900	-6.91	0.04
133.000	-6.90	0.04
133.100	-6.90	0.04
133.200	-6.90	0.04
133.300	-6.90	0.04
133.400	-6.90	0.04
133.500	-6.89	0.04
133.600	-6.89	0.04
133.700	-6.89	0.04
133.800	-6.89	0.04
133.900	-6.89	0.04
134.000	-6.88	0.04
134.100	-6.88	0.04
134.200	-6.88	0.04
134.300	-6.88	0.04
134.400	-6.88	0.04
134.500	-6.88	0.04
134.600	-6.87	0.04
134.700	-6.87	0.04
134.800	-6.87	0.04
134.900	-6.87	0.05
135.000	-6.87	0.05
135.100	-6.87	0.05
135.200	-6.86	0.05
135.300	-6.86	0.05
135.400	-6.86	0.05
135.500	-6.86	0.05
135.600	-6.86	0.05
135.700	-6.86	0.05
135.800	-6.85	0.05
135.900	-6.85	0.05
136.000	-6.85	0.05
136.100	-6.85	0.05
136.200	-6.85	0.05
136.300	-6.85	0.05
136.400	-6.85	0.05
136.500	-6.85	0.05
136.600	-6.84	0.05
136.700	-6.84	0.05
136.800	-6.84	0.05
136.900	-6.84	0.05
137.000	-6.84	0.05
137.100	-6.84	0.05
137.200	-6.84	0.05
137.300	-6.84	0.05
137.400	-6.83	0.05
137.500	-6.83	0.05
137.600	-6.83	0.05
137.700	-6.83	0.05
137.800	-6.83	0.05
137.900	-6.83	0.05
138.000	-6.83	0.05
138.100	-6.83	0.05
138.200	-6.83	0.05
138.300	-6.82	0.05
138.400	-6.82	0.05
138.500	-6.82	0.05
138.600	-6.82	0.05
138.700	-6.82	0.05
138.800	-6.82	0.05
138.900	-6.82	0.05
139.000	-6.82	0.05
139.100	-6.82	0.05
139.200	-6.82	0.05
139.300	-6.82	0.05
139.400	-6.81	0.05
139.500	-6.81	0.05
139.600	-6.81	0.05
139.700	-6.81	0.05
139.800	-6.81	0.05
139.900	-6.81	0.05
140.000	-6.81	0.05
140.100	-6.81	0.05
140.200	-6.81	0.05
140.300	-6.81	0.05
140.400	-6.81	0.05
140.500	-6.81	0.05
140.600	-6.81	0.05
140.700	-6.81	0.05
140.800	-6.80	0.05
140.900	-6.80	0.05
141.000	-6.80	0.04
141.100	-6.80	0.04
141.200	-6.80	0.04
141.300	-6.80	0.04
141.400	-6.80	0.04
141.500	-6.80	0.04
141.600	-6.80	0.04
141.700	-6.80	0.04
141.800	-6.80	0.04
141.900	-6.80	0.04
142.000	-6.80	0.04
142.100	-6.80	0.04
142.200	-6.80	0.04
142.300	-6.80	0.04
142.400	-6.80	0.04
142.500	-6.80	0.04
142.600	-6.79	0.04
142.700	-6.79	0.04
142.800	-6.79	0.04
142.900	-6.79	0.04
143.000	-6.79	0.04
143.100	-6.79	0.04
143.200	-6.79	0.04
143.300	-6.79	0.04
143.400	-6.79	0.04
143.500	-6.79	0.04
143.600	-6.79	0.04
143.700	-6.79	0.04
143.800	-6.79	0.04
143.900	-6.79	0.04
144.000	-6.79	0.04
144.100	-6.79	0.04
144.200	-6.79	0.04
144.300	-6.79	0.04
144.400	-6.79	0.04
144.500	-6.79	0.04
144.600	-6.79	0.04
144.700	-6.79	0.04
144.800	-6.79	0.04
144.900	-6.79	0.04
145.000	-6.79	0.04
145.100	-6.79	0.04
145.200	-6.79	0.04
145.300	-6.79	0.04
145.400	-6.79	0.04
145.500	-6.79	0.04
145.600	-6.79	0.04
145.700	-6.79	0.04
145.800	-6.79	0.04
145.900	-6.79	0.04
146.000	-6.79	0.04
146.100	-6.79	0.04
146.200	-6.79	0.04
146.300	-6.79	0.04
146.400	-6.79	0.04
146.500	-6.79	0.04
146.600	-6.79	0.04
146.700	-6.79	0.04
146.800	-6.79	0.04
146.900	-6.79	0.04
147.000	-6.79	0.04
147.100	-6.79	0.04
147.200	-6.79	0.04
147.300	-6.79	0.04
147.400	-6.79	0.04
147.500	-6.79	0.04
147.600	-6.79	0.04
147.700	-6.79	0.04
147.800	-6.79	0.04
147.900	-6.79	0.04
148.000	-6.79	0.04
148.100	-6.79	0.04
148.200	-6.79	0.04
148.300	-6.79	0.04
148.400	-6.79	0.04
148.500	-6.79	0.04
148.600	-6.79	0.04
148.700	-6.79	0.04
148.800	-6.79	0.04
148.900	-6.79	0.04
149.000	-6.79	0.04
149.100	-6.79	0.04
149.200	-6.79	0.04
149.300	-6.79	0.04
149.400	-6.79	0.04
149.500	-6.79	0.04
149.600	-6.79	0.04
149.700	-6.79	0.04
149.800	-6.79	0.04
149.900	-6.79	0.04
150.000	-6.79	0.04
150.100	-6.79	0.04
150.200	-6.80	0.04
150.300	-6.80	0.04
150.400	-6.80	0.04
150.500	-6.80	0.04
150.600	-6.80	0.04
150.700	-6.80	0.04
150.800	-6.80	0.04
150.900	-6.80	0.04
151.000	-6.80	0.04
151.100	-6.80	0.04
151.200	-6.80	0.04
151.300	-6.80	0.04
151.400	-6.80	0.04
151.500	-6.80	0.04
151.600	-6.80	0.04
151.700	-6.80	0.04
151.800	-6.80	0.04
151.900	-6.80	0.04
152.000	-6.80	0.04
152.100	-6.80	0.04
152.200	-6.80	0.04
152.300	-6.80	0.04
152.400	-6.80	0.04
152.500	-6.80	0.04
152.600	-6.80	0.04
152.700	-6.80	0.04
152.800	-6.80	0.04
152.900	-6.80	0.04
153.000	-6.80	0.04
153.100	-6.81	0.04
153.200	-6.81	0.04
153.300	-6.81	0.04
153.400	-6.81	0.04
153.500	-6.81	0.04
153.600	-6.81	0.04
153.700	-6.81	0.05
153.800	-6.81	0.05
153.900	-6.81	0.05
154.000	-6.81	0.05
154.100	-6.81	0.05
154.200	-6.81	0.05
154.300	-6.81	0.05
154.400	-6.81	0.05
154.500	-6.81	0.05
154.600	-6.81	0.06
154.700	-6.81	0.06
154.800	-6.81	0.06
154.900	-6.81	0.06
155.000	-6.81	0.06
